-11.488585700793497,6.561352064720115,-13.24340211930288,-13.212580544073282,-9.004157164439974,2.6397060595747384,4.602098464237709,-8.124383168648391,-7.064766894111935,6.535801629334429,-12.56666246578552,-0.34249139979204024,11.303193413951366,-10.658399185704685,-1.2246954699729162,10.375346790933598,3.0599903416079464,10.508442479259394,12.336950592472775,9.716626863973342,
-0.3980504867255412,-12.896204343206795,11.861303165043662,0.482273574755979,-6.1552923990301025,-1.4668209607823073,-12.65352677667247,-8.230251669035395,-4.949346154758327,2.350234837108612,-9.070085513456128,-4.919712435292958,7.754272246269657,-13.1918539115783,2.040988601943127,-5.643302428382107,10.540648388087792,0.0666801085854889,0.7023909439035254,6.049846944292234,
-8.061607968361184,-2.0035302746211805,13.635422731041256,-13.07893365248184,-11.7445476452394,-5.748560748745085,-1.601064150404742,8.47687149760435,-3.172081278637858,-8.740122408231645,-10.636534900467463,-1.2809625859470888,5.781901405781813,9.378523709760671,-9.29853707801171,9.262377137950292,2.107268601478623,-2.525560648120532,12.522088657959571,6.217810104102611,
12.601701095660847,8.683263426461764,11.446985798852786,-2.947307898500707,6.7289028106532776,0.6220681603366138,-6.988912304130246,-1.5411616568820694,-6.062299186557821,-12.589584881299906,5.360205825002254,0.737434322319471,9.97545537093464,7.403493289838455,-5.235510551251409,-6.196333175678625,2.6189874714267134,-7.010604488322718,-11.92616946259723,2.745069943475716,
-2.824338959384189,-7.576196090126502,-0.9351877086119451,-11.525249261392887,5.389674402150462,4.922127052733671,-8.607355590861363,3.4502271265900326,-0.9599526225347113,10.948549965645,-2.717966063260489,13.410850052227818,12.479000014200551,-6.03535952398816,-7.34578965467627,7.242786342077608,-3.368666213933235,-0.8668513187140228,-13.555591023700968,-1.2873148745684535,
-3.159334800723572,-12.457520619298107,-6.324597721525516,-7.5709488402223375,10.234900501342157,9.154943412001316,-6.2344142585171145,-10.536270589333844,-13.049909140041628,-10.147361468246492,-5.9120239839198945,-0.18128577093398235,6.174861227015796,5.771142392716772,-9.380992577835684,10.887209306779873,-4.338738172193274,4.186304965914129,-13.135463025766906,-2.435949063729213,
7.764383016694733,-4.524873583164155,-2.7685809763535403,13.341705529434176,7.112233481786497,-6.880614097833295,-9.74547414558399,10.779588331199271,-7.154367047823433,11.637615995516466,-7.211992411026108,1.303424747925071,-9.84629821972186,-3.0953263400463094,-5.102056707345744,2.114011495779998,4.394601786982253,6.358425903209877,-7.685744937930357,-12.45319059720198,
1.9545094419831948,-1.9071524466194987,-5.005381729711431,11.78218303298772,-5.722538249446,-11.343180104456248,-1.792181869958009,3.6605941624779312,9.7060254811291,-1.130277655929202,11.782322808285556,-8.890056844819831,4.966668503517045,-4.980981178466951,6.122545414263186,-0.17152472269837737,9.193203990447948,-5.009871661243691,12.571789472482763,3.167199590588943,
13.647420588307199,-13.096044751601552,-9.595555309383062,10.699383529904022,8.924230874470688,4.936326995164659,-10.566436979952178,-5.691878998442666,-6.723348586483674,2.5965680396679005,-1.4589649049520226,-8.057153236295456,-1.8716936807314326,5.6662600315587035,11.750527190870784,-6.54825235585883,12.80694713821245,10.35509628060591,-4.349856613996671,0.4957707860615024,
-10.640460667618857,-0.7100122767504633,-0.8807928890420413,13.196199002670976,10.540614752119506,-4.566399241111183,-7.9643296449394025,8.96115344868463,11.72476217937433,12.584926894602514,-1.757809535181181,-11.026653412709182,-3.541626374523771,-10.404438550916097,-10.50666968016895,-0.6884604926223901,2.287560047021337,-9.238121293600853,-1.634816144773227,3.298089358597366,
-6.022728908123211,-13.68397143626238,-7.605930985696446,-13.9810268734456,13.265113156877629,-8.988518054109905,-7.221436604151946,-12.501594090651263,-1.5066461038576264,-0.712678186816678,10.963011204376567,-11.404447729151894,-6.878949487256042,7.321274803050372,13.264445013855621,-9.471680858218221,-10.94920811117446,13.241046199251162,-0.759272577757109,6.549035030993398,
3.7899247241712786,-11.596338954963958,-13.93396441870946,-0.9153121985846919,-5.403791146354896,3.3754691176470004,0.08631432465074873,9.379840911113263,11.066926557697535,-12.67016096729986,0.9019426114919309,-3.9979031870647415,11.973763249530943,0.7040579920961427,10.9332065765959,12.396685594112192,9.778569025944464,11.90110519734942,4.749933376868277,-7.4587644245622915,
-9.709712464134011,-0.4109639716758178,11.597444943128238,12.823906376168505,12.889424308105202,4.697435214116172,1.9439018859826902,-10.49132887512892,-11.259664045559402,-10.19896546957427,-13.825918591983669,-7.433106403346741,-2.883298271788007,2.6039560099820314,-8.402249144595041,-10.17301392894366,-8.17476451062998,3.55437102652548,13.634048272273294,-10.232561974136921,
11.97534788960207,3.5270486813245725,-10.148277789937033,-7.729022179407939,3.478033383599051,5.699539692019236,-8.643411612515843,-6.302487193176177,8.563149522824503,12.610410678987048,0.030268561995370646,8.869918782765353,-3.0604011549242323,8.515265778362448,6.288676337390111,0.48122549936083203,-6.668620982112481,11.369028295995754,12.983172093162835,-11.606585942360852,
12.300729107121114,-7.897317850869676,-7.607360443368426,-10.61587885741828,-2.0061438062512735,-5.1144014284275325,-2.9357915568864286,-2.2507586817132914,-11.954023146427918,-6.264699729729452,0.2777819134711006,-8.560605376922508,-6.312127240969169,-10.25525964515191,0.3722477344857964,7.217009104210366,1.7635317891105942,5.077679923062313,-4.071312077750786,-0.6701669387529101,
11.724195226905934,-9.814844901505984,2.406326193366141,-2.0571670890309726,7.743350154563888,13.947234699952471,0.9015559745980362,-4.685975215024719,-9.905744009570252,-8.551080405345918,-7.639972383851728,9.631023412304355,-0.5457730409436206,2.521198187646462,-8.965666243169688,8.665425537852336,0.10514453988052175,7.986704937193942,3.482214358773664,-10.279496744144254,
-12.91613478486896,-7.306843265160241,-7.546567424284118,-11.514493557227421,3.3381166758922873,-9.15034435990112,5.820728876180258,11.625890108923052,12.291044744652112,2.219885200735945,-3.6602558968634007,12.197822981089832,-4.437335642356846,-9.211106840555223,2.71707643050064,6.037060776642065,1.3775148138403193,-8.36492791288179,-4.0598916649160515,0.2605272535271652,
12.492162146080076,9.963140936373609,-4.2022864569516205,-8.020437883584599,11.21979376246232,-1.1325277866194945,-0.18236189622947485,-13.663253939042903,8.197996029930213,1.146586744313499,-7.8476749878266086,12.58503296299633,-12.846132219882998,8.07898716273441,3.3951371149576417,12.14589470001232,2.036655164283765,2.472177188087805,-7.972790700144494,-1.8805465084672548,
4.073338430066222,9.994501630350666,-12.307125809232645,-8.729697697675805,-4.856266051155057,-13.9415766731595,-7.344059789952705,-1.1526281319706264,-13.119257273148547,3.157563693907104,7.884970479925009,-3.009441401753083,6.083279180477671,2.2629188142685663,10.80617754247896,0.0534362011952112,-12.848888376818099,3.8380449517013844,12.180480744216975,1.7494316150444504,
6.305715062083767,6.728592818196464,-12.161182256793746,11.54773265754389,1.2845693624758088,8.072504279986752,-1.4128106503703215,-4.870581297516516,1.5765506815213897,-2.618600071747748,-12.263576132633244,12.255561653435084,9.479401021854446,6.128902325475327,4.597403566664138,8.557021683858608,-11.131808228789323,-2.801630494092464,-4.548735722811205,-2.0736203600669896,
11.819006295107968,4.879135147663405,-11.784434504968594,10.811459159180686,-0.8061255757527093,-2.5921967343883505,-7.119868705465365,10.382348240600336,9.60957850268629,-10.319086082389274,-1.9449883544215822,8.771216372098557,-10.57984738172364,-7.084141193119075,-8.722470299131352,6.91900311097719,13.289140947906375,-3.4387199675155706,-0.7813275674098819,3.5858191109444313,
3.4446906075913724,-4.132085688659643,-12.883206219245741,12.311944700904547,-11.162709065879195,5.515739736498652,2.950379727559728,-0.5238010579192878,5.021087773234136,0.9942544769613271,-2.2480899473380074,0.20639238007809269,3.923565146970084,-2.5273981989154493,12.354160691368413,8.941646593586619,-3.0837119881598873,-6.0234769294777655,3.9438651046315556,-10.713880370601078,
10.960649417252412,-0.07500022146170515,-4.169813689923782,-5.4928290807175095,10.92035354097776,-12.052283703172002,7.900116976537557,-10.71944801880029,-11.559612601474718,-12.004464734508355,5.346030790560242,6.876668888213732,8.735297040182555,-6.394073623679123,9.87887635380471,-5.3562421078911076,-12.812374477849083,11.75604019636954,-2.510050777204336,-0.10075196854129409,
-1.7664088099426785,6.523224802530194,4.8319024187536925,-5.182904914592047,-5.485565959716448,-11.474502804233726,2.2499971294040506,-10.935281137139466,3.1017320659110936,1.5500347408917197,-7.722753306321776,6.674306344218589,-10.780974019746033,-4.532721528316424,-2.505817064715327,7.275098607917432,-13.431333765196912,-2.9473136603420187,-8.853405136172135,8.22107657612641,
-1.5039192532039323,1.1944428544634533,-7.854523748921208,-0.49092971743188407,2.5102725485109225,3.6442322016226427,-9.163347041510079,11.048129322402481,8.256715514738648,8.52141720322869,1.768811248697146,7.7116067341798775,-3.7174297082575354,-5.581261998249978,-2.415077683616799,-9.441210657138432,13.35265575758708,-2.3312386642056317,-0.15129797545027657,11.289733207500934,
-8.706931148635913,2.7275506126529194,-7.183986600166923,-9.123428062033748,9.81503891323755,-4.956493178209472,5.573631332164084,11.570962606909454,-2.528890675644906,4.639245038921249,-4.341819555022333,-9.580387781078292,9.406459813865627,11.055372599775325,-2.5584317445375877,-9.08055843115417,2.535325964191223,3.4883445183773176,-9.34197661655878,-10.427898898817652,
-3.910013128227181,-11.518771026329304,9.156452199765948,2.3290265609678826,12.373790320568354,6.190900120217744,3.8472932333231284,8.207170632424127,-13.437190782054227,10.045086798730182,-0.05378361528213915,-9.787413117744146,0.38511812828021874,5.37558536695683,-1.3619260548925212,-2.562666543205493,7.31624450053862,2.4518337944701614,3.3480029680622074,-1.2863356337199185,
5.318858873119261,-2.3378119017396752,9.76041271164392,3.4560743958904325,6.754379505160063,10.301314551348888,11.178708967962773,-5.447537914030825,-13.27203538957298,-1.773162636202695,12.301399001712138,2.225361639560017,-5.065392053527477,7.4345636226621075,10.994105164336212,10.797151083861497,2.5903187676037582,-10.527271737145714,-9.987450705611344,-13.017584217307663,
-13.640650448066934,7.988097386337149,-0.5920152219211943,9.74191495763434,-7.086332661388713,-10.93434150873739,-0.852052036337863,-7.277136549653724,0.036406629015543146,10.289023103148882,-13.745844338358346,-6.434969314384254,2.7825376027978805,-13.241554374371319,-13.747860970827077,7.05985232928527,13.677428548594325,-9.681489165478379,1.9510556191829913,-1.3256428759543137,
5.569759643219907,-11.889455203837839,1.7336911016731218,-8.07226480917311,-13.656340255792262,2.6732969504851525,8.734438410145152,11.644902119465065,-3.217567799247192,-7.652097935808776,-4.459116374607458,0.5065921263575905,6.339944602888917,11.568034284638628,-3.0240065815611636,-0.07019391782239204,3.2315193000474416,12.788616723133302,4.033051734080985,-0.5400925556147946,
2.560205436563745,-0.633467733442739,11.290508099703924,-10.499851374455409,10.512736804659632,-12.145048995595449,1.6470211816947415,2.9647849400035042,-4.5972189237588275,-11.679280112470469,5.40118503209327,8.608131304286982,10.906865418631341,10.391343937626392,6.92283658446442,9.606522741589973,1.2896912595586052,-3.837275014639893,1.888472249903412,4.509834527472503,
